3667849273.jpg,11,25,321,120,6
3528741517.jpg,68,20,389,297,14
3972897298.jpg,117,10,179,27,26
2786523391.jpg,54,8,343,105,9
2958187326.jpg,58,38,435,206,14
3905787011.jpg,6,3,183,44,26
4329940418.jpg,199,20,319,104,2
233507685.jpg,36,119,309,243,4
4223850527.jpg,67,17,447,325,23
3786492252.jpg,5,5,88,113,11
3301525494.jpg,90,30,428,362,18
202435355.jpg,56,69,410,241,14
2674622648.jpg,169,159,330,280,3
4621612035.jpg,22,19,294,475,7
2175802759.jpg,122,50,367,320,23
2407784266.jpg,32,29,467,319,12
3051999324.jpg,246,127,321,226,11,254,20,337,124,11,321,125,409,231,11,339,14,411,121,11
3907298910.jpg,160,148,261,250,23
2176584286.jpg,95,67,378,359,23
4199842585.jpg,131,29,358,268,3
3835918737.jpg,167,12,343,150,13
4645582512.jpg,363,7,488,110,12
4750267378.jpg,36,56,341,250,21
2515731280.jpg,103,94,395,391,23
320803821.jpg,85,44,479,352,12
3006946827.jpg,79,17,444,310,1
3325271357.jpg,18,67,475,215,6
4512438754.jpg,151,109,279,158,4
4316555119.jpg,125,98,437,206,16
10000000000.jpg,524,484,579,502,31,616,562,663,578,31,598,377,695,398,31,606,396,695,411,27,611,515,667,531,27
3294282629.jpg,126,252,207,311,0,127,324,206,381,0,129,109,206,162,0,132,176,206,234,0,212,111,287,165,0,213,180,288,236,0,213,253,290,312,0,213,327,287,382,0,294,109,373,167,0,294,327,372,383,0,295,252,372,311,0,296,179,370,234,0
1412494805.jpg,45,281,175,323,5,299,158,335,219,5
2766150734.jpg,77,28,367,121,9
538649986.jpg,66,168,317,365,18
3473801010.jpg,106,87,394,318,13
51660550.jpg,370,185,497,231,5
3117510822.jpg,2,339,38,368,17,6,16,71,92,17,11,111,75,176,17,16,195,88,256,17,23,262,92,328,17,78,345,121,370,17,174,348,206,374,17,257,353,285,370,17,288,282,356,334,17,340,349,373,372,17,342,198,410,267,17,346,17,425,90,17,351,108,425,185,17,423,344,454,373,17
2531530868.jpg,37,139,360,285,16
3521287781.jpg,95,134,178,217,19
4346142355.jpg,21,94,75,129,24,250,18,292,44,24
4146264467.jpg,236,17,444,185,19
3270912795.jpg,72,255,143,328,22,94,126,186,185,22,386,49,470,138,22
4453898896.jpg,20,45,84,89,10
2422219264.jpg,4,62,256,308,22,276,66,476,311,22
2920059304.jpg,179,122,341,273,22
3728967967.jpg,147,106,385,291,15
10000000013.jpg,419,293,457,305,27,519,293,552,303,27,324,296,359,305,27,35,376,60,396,27,95,351,113,373,27,138,334,156,351,27,181,319,193,336,27,210,306,227,320,27,242,297,263,309,27
159166594.jpg,204,101,333,162,6
3734516894.jpg,200,246,276,293,10
79556016.jpg,3,3,103,71,12
2774437111.jpg,59,17,353,123,9
4582547214.jpg,11,4,473,173,9
18945268.jpg,1,246,72,282,4,3,83,75,121,4,3,164,70,201,4,3,326,63,362,4,75,326,150,351,4,77,158,157,199,4,79,3,157,39,4,79,238,157,278,4,82,80,160,118,4,165,320,245,351,4,166,75,248,116,4,167,177,245,223,4,167,237,248,277,4,173,6,246,33,4,205,399,256,422,4,252,232,332,272,4,253,317,328,348,4,254,71,331,118,4,254,175,329,219,4,256,3,330,34,4,269,390,339,422,4,336,73,413,112,4,336,149,411,190,4,338,234,415,265,4,341,312,418,340,4,357,389,391,423,4,419,145,494,187,4,419,226,495,261,4,423,64,496,113,4,428,301,496,340,4
1354674694.jpg,11,16,110,76,4
4505787674.jpg,3,20,294,146,14
4758382348.jpg,9,23,473,430,7
3907307172.jpg,121,62,393,314,23
362712915.jpg,84,62,476,213,6
189568643.jpg,268,192,458,306,12
4283515483.jpg,147,60,227,104,24,162,131,205,160,24,204,119,229,156,24,311,55,344,87,24,315,112,347,154,24,352,8,496,72,24,354,100,496,172,24,356,220,495,296,24
3088544942.jpg,54,128,289,210,6
452091543.jpg,90,94,170,176,18
2891341625.jpg,39,71,355,210,16
4185986382.jpg,1,91,226,364,25
3422008846.jpg,17,12,481,101,5
2070616132.jpg,81,6,360,270,2
258770610.jpg,17,22,255,195,25,76,33,201,126,25
3283915433.jpg,132,155,370,346,10
165691999.jpg,137,67,417,277,8
4061203382.jpg,155,206,241,252,0
310764290.jpg,5,9,493,320,20,9,80,490,248,20
2550056374.jpg,18,2,488,278,0
4585454903.jpg,174,136,306,257,2
391805226.jpg,94,159,174,275,4
3948869874.jpg,185,200,300,254,16
2866536247.jpg,26,55,454,413,21
3154099645.jpg,91,98,198,197,17,249,100,355,227,17
2974365916.jpg,2,103,23,192,22,51,85,180,227,22,266,81,318,190,22,351,86,385,158,22
3674972656.jpg,227,4,492,210,19
3933416555.jpg,201,104,260,155,13
3539566827.jpg,51,18,76,43,21,60,46,144,93,21,60,141,146,187,21,63,97,145,136,21,83,187,170,239,21,101,246,192,301,21,128,315,217,368,21,262,148,300,179,21,263,197,299,234,21,264,300,306,335,21,268,255,300,283,21,308,244,345,275,21,311,195,339,226,21,315,149,343,177,21,353,147,383,175,21,353,194,381,222,21,356,241,383,270,21,360,48,388,76,21,360,97,390,129,21,389,232,418,259,21,390,187,420,217,21,394,99,421,124,21,401,55,423,79,21,409,144,419,174,21
2792546855.jpg,3,64,495,268,14
4077900663.jpg,95,161,260,381,18
1224628248.jpg,140,36,414,327,7
43671206.jpg,89,146,223,323,7
4507852944.jpg,95,3,212,118,18
2421405885.jpg,58,3,409,498,22
2201490255.jpg,65,70,347,426,7
4559666515.jpg,171,170,256,209,20,352,176,439,225,20
4330810490.jpg,134,209,201,265,21,250,230,329,292,21
3324939734.jpg,1,26,147,113,8,3,123,144,220,8,133,107,319,263,8,149,30,304,120,8,301,165,498,249,8,307,100,498,167,8
3119389772.jpg,52,3,80,24,25
3534174626.jpg,252,175,282,193,3
3947084971.jpg,8,4,480,117,24
2794725337.jpg,153,29,286,122,15
4120098544.jpg,4,83,492,248,26
4353886132.jpg,137,16,345,99,9
3023420658.jpg,171,115,298,237,1
444595750.jpg,135,30,371,276,15
3213763363.jpg,95,78,276,233,17
3497593254.jpg,162,156,218,226,13
3817452506.jpg,36,4,113,72,25
4448830339.jpg,209,6,238,19,4
2514220918.jpg,1,69,342,157,26
3055058872.jpg,153,67,358,347,7
4049367740.jpg,276,152,334,193,21
3270797445.jpg,1,69,461,370,19
3797114221.jpg,1,6,217,58,26
3168295809.jpg,97,72,321,201,16
2080839955.jpg,56,126,363,367,3
3906524725.jpg,177,228,295,339,23
436255718.jpg,87,132,199,177,5
442337651.jpg,178,60,324,193,1
229840376.jpg,102,171,145,215,22,146,158,194,208,22,195,151,249,199,22
310688144.jpg,2,3,273,105,9
4210274024.jpg,143,13,384,224,1
3456463952.jpg,42,39,315,469,2
3165553650.jpg,144,103,201,165,19
3960429630.jpg,249,134,305,217,11,305,126,376,212,11
3705989051.jpg,30,3,98,51,25
2656406197.jpg,41,299,62,322,25,111,9,185,80,25
3116688672.jpg,0,0,115,115,15
2219451836.jpg,7,5,472,477,21
386891249.jpg,156,10,310,49,26
3193687005.jpg,30,50,415,135,5
427097328.jpg,128,122,358,215,14
4006894378.jpg,20,52,243,155,6
2356560497.jpg,87,1,394,329,21
4698952282.jpg,30,21,197,231,2
3164722903.jpg,364,59,462,138,19
2149071419.jpg,111,82,327,251,21
4600427219.jpg,334,162,378,193,12
132888485.jpg,4,1,494,496,4
4761260517.jpg,43,122,358,354,0
2675240640.jpg,241,168,269,191,10
3906521939.jpg,84,112,263,254,23
3204050952.jpg,118,105,365,275,10
3320880343.jpg,154,176,284,246,14
2920077270.jpg,312,129,340,162,23
4219499614.jpg,44,125,407,285,8
2898435362.jpg,3,5,269,100,9
4257763673.jpg,233,100,281,136,19
2073826793.jpg,151,11,392,206,13
4416492947.jpg,21,38,145,106,16,163,41,292,106,16,316,41,441,106,16
3261774945.jpg,64,20,397,231,1
2423654138.jpg,47,19,265,181,25
3831371619.jpg,92,124,176,232,11,238,123,324,229,11,321,124,405,241,11
50302921.jpg,5,3,146,47,9
427128537.jpg,143,70,363,258,2
4724828428.jpg,336,149,403,231,15
1925162720.jpg,32,19,309,211,12
4280085481.jpg,217,153,278,182,8
224886291.jpg,35,103,463,267,8
4284675151.jpg,270,119,347,156,24
3496048941.jpg,415,195,458,239,10
3765988249.jpg,33,239,136,266,5
3577850173.jpg,16,243,64,276,3,17,57,66,107,3,24,147,62,181,3,98,141,154,187,3,102,228,156,278,3,113,62,144,88,3,193,234,234,272,3,196,61,231,98,3,203,153,227,171,3,274,48,323,94,3,274,142,323,188,3,284,246,317,276,3,358,247,368,259,3,365,54,406,96,3,451,241,488,269,3,452,63,486,95,3
10000000030.jpg,383,247,558,313,27
2463686290.jpg,46,103,171,204,20,88,91,167,153,20
4771735876.jpg,40,113,123,143,24,285,114,429,150,24
4129431162.jpg,110,44,396,310,3
3333221097.jpg,111,99,370,355,2
1408921955.jpg,44,117,460,304,14
3321350768.jpg,26,75,481,268,8
882748860.jpg,123,23,356,249,15
3759339764.jpg,12,280,73,327,17,14,472,80,493,17,15,425,69,461,17,16,234,81,276,17,22,374,67,412,17,23,335,74,366,17
516366872.jpg,79,31,346,191,12
50471578.jpg,1,2,221,39,26
4576205927.jpg,33,103,171,243,22,179,102,313,242,22,321,100,459,236,22
2256858637.jpg,177,105,304,190,10
3218467456.jpg,102,30,234,162,17
3490411517.jpg,4,52,489,218,24
4763210295.jpg,83,63,130,93,0,91,288,125,306,0,182,63,229,94,0,192,291,225,306,0,285,61,317,79,0,285,298,324,329,0,377,292,421,324,0,383,55,416,76,0
185712356.jpg,63,78,456,373,2
1391981336.jpg,95,22,431,344,22
1508285598.jpg,216,148,308,197,20
170557401.jpg,2,150,494,228,11,119,294,171,312,11,242,301,293,317,11
10000000029.jpg,412,594,516,646,31
4771691508.jpg,316,198,340,228,24,332,308,424,329,24,428,194,492,219,24
2383222548.jpg,28,10,443,347,19
444194253.jpg,51,21,446,365,22
3872220190.jpg,115,227,155,256,21,161,86,191,118,21
4583055527.jpg,135,64,388,153,9,138,173,271,224,9
605288903.jpg,395,103,457,138,16
4429895221.jpg,4,2,195,65,20
4218732095.jpg,113,142,484,278,8
2518709496.jpg,3,42,380,334,15
4315831502.jpg,52,149,274,397,18
3496862594.jpg,424,212,476,257,10
3785668123.jpg,321,293,460,430,11
10000000022.jpg,493,237,615,331,27,778,220,880,271,27,1111,257,1172,316,27,168,326,258,380,27,104,382,180,488,31
1381841108.jpg,136,100,294,161,14
10000000027.jpg,450,269,538,325,27,699,270,775,337,27
3369768399.jpg,111,220,227,369,3
144503924.jpg,38,12,234,142,0
455162201.jpg,2,1,153,20,5
282628483.jpg,410,246,493,294,19
2348900650.jpg,4,27,496,302,6
3733440395.jpg,12,127,74,196,1,41,62,143,162,1,80,5,206,106,1,186,155,227,200,1,225,155,252,184,1,227,248,262,278,1,229,201,262,234,1,247,227,270,254,1,252,191,275,213,1,253,301,280,323,1,276,290,292,304,1,283,269,302,284,1,284,10,316,45,1,287,307,314,325,1,297,291,312,309,1,304,277,321,292,1,309,297,326,312,1,325,240,346,264,1,329,299,351,319,1,334,65,361,99,1,350,232,379,256,1,356,58,389,80,1,371,280,396,308,1,395,291,423,313,1,406,159,419,172,1,438,276,462,317,1
844909343.jpg,2,27,496,358,15
3289829246.jpg,1,1,128,43,4
217288720.jpg,136,161,304,222,26
390321909.jpg,13,5,89,60,0
2401584750.jpg,107,18,390,335,1
2865521932.jpg,25,30,411,231,14
372180408.jpg,102,23,389,362,17
3777915073.jpg,39,151,109,224,6,296,234,385,265,6
231655451.jpg,162,20,409,205,19
3065654531.jpg,84,134,252,366,1
2913811697.jpg,357,250,375,267,13
2846084211.jpg,143,69,201,117,3
332368134.jpg,279,217,496,369,25,297,229,493,368,25,298,226,494,360,25,308,223,494,368,25,360,223,447,324,25
4757315595.jpg,71,205,147,271,13,228,153,265,185,13
3099884211.jpg,132,99,349,269,3
299768792.jpg,126,68,415,260,1
4290942909.jpg,415,2,480,70,23
4598657721.jpg,56,45,408,339,18
2228221904.jpg,52,83,410,232,8
2472817996.jpg,2,4,499,106,26
2435021305.jpg,30,112,352,270,4
2209126349.jpg,17,81,125,171,5
4472726837.jpg,70,46,437,368,18
4253102363.jpg,28,86,438,389,3,82,99,401,311,3
3261970877.jpg,4,26,301,302,13
